,Asynchrony,Tap Onset,Test,True Onset,User ID,IOI,Max,Min,Sanitized Tap Onset,Sanitized Asynchrony,Sanitized Mean Asynchrony,Sanitized Std Dev Asynchrony,Mean Asynchrony,Std Dev Asynchrony,Missed Taps,Phase Correction Response
1,31.459,2018-05-06 18:29:53.869544000,A2a4,2018-05-06 18:29:53.838085000,510.0,0 days 00:00:00.325079000,2018-05-06 18:29:54.000624500,2018-05-06 18:29:53.663935000,2018-05-06 18:29:53.869544000,31.459,21.317789473684208,28.191002525587145,21.317789473684208,28.191002525587145,0,-1.7800000000000011
2,29.679,2018-05-06 18:29:54.192843000,A2a4,2018-05-06 18:29:54.163164000,510.0,0 days 00:00:00.325079000,2018-05-06 18:29:54.325703500,2018-05-06 18:29:54.000624500,2018-05-06 18:29:54.192843000,29.679,21.317789473684208,28.191002525587145,21.317789473684208,28.191002525587145,0,-13.736999999999998
3,15.942,2018-05-06 18:29:54.504185000,A2a4,2018-05-06 18:29:54.488243000,510.0,0 days 00:00:00.348300000,2018-05-06 18:29:54.662393000,2018-05-06 18:29:54.325703500,2018-05-06 18:29:54.504185000,15.942,21.317789473684208,28.191002525587145,21.317789473684208,28.191002525587145,0,-6.41
4,9.532,2018-05-06 18:29:54.846075000,A2a4,2018-05-06 18:29:54.836543000,510.0,0 days 00:00:00.325079000,2018-05-06 18:29:54.999082500,2018-05-06 18:29:54.662393000,2018-05-06 18:29:54.846075000,9.532,21.317789473684208,28.191002525587145,21.317789473684208,28.191002525587145,0,2.308
5,11.84,2018-05-06 18:29:55.173462000,A2a4,2018-05-06 18:29:55.161622000,510.0,0 days 00:00:00.325079000,2018-05-06 18:29:55.324161500,2018-05-06 18:29:54.999082500,2018-05-06 18:29:55.173462000,11.84,21.317789473684208,28.191002525587145,21.317789473684208,28.191002525587145,0,36.137
6,47.977,2018-05-06 18:29:55.534678000,A2a4,2018-05-06 18:29:55.486701000,510.0,0 days 00:00:00.348300000,2018-05-06 18:29:55.660851000,2018-05-06 18:29:55.324161500,2018-05-06 18:29:55.534678000,47.977,21.317789473684208,28.191002525587145,21.317789473684208,28.191002525587145,0,-19.83
7,28.147,2018-05-06 18:29:55.863148000,A2a4,2018-05-06 18:29:55.835001000,510.0,0 days 00:00:00.325079000,2018-05-06 18:29:55.997540500,2018-05-06 18:29:55.660851000,2018-05-06 18:29:55.863148000,28.147,21.317789473684208,28.191002525587145,21.317789473684208,28.191002525587145,0,-27.067
8,1.08,2018-05-06 18:29:56.161160000,A2a4,2018-05-06 18:29:56.160080000,510.0,0 days 00:00:00.325079000,2018-05-06 18:29:56.322619500,2018-05-06 18:29:55.997540500,2018-05-06 18:29:56.161160000,1.08,21.317789473684208,28.191002525587145,21.317789473684208,28.191002525587145,0,13.191
9,14.271,2018-05-06 18:29:56.499430000,A2a4,2018-05-06 18:29:56.485159000,510.0,0 days 00:00:00.348300000,2018-05-06 18:29:56.659309000,2018-05-06 18:29:56.322619500,2018-05-06 18:29:56.499430000,14.271,21.317789473684208,28.191002525587145,21.317789473684208,28.191002525587145,0,-24.338
10,-10.067,2018-05-06 18:29:56.823392000,A2a4,2018-05-06 18:29:56.833459000,510.0,0 days 00:00:00.325079000,2018-05-06 18:29:56.995998500,2018-05-06 18:29:56.659309000,2018-05-06 18:29:56.823392000,-10.067,21.317789473684208,28.191002525587145,21.317789473684208,28.191002525587145,0,8.857
11,-1.21,2018-05-06 18:29:57.157328000,A2a4,2018-05-06 18:29:57.158538000,510.0,0 days 00:00:00.348299000,2018-05-06 18:29:57.332687500,2018-05-06 18:29:56.995998500,2018-05-06 18:29:57.157328000,-1.21,21.317789473684208,28.191002525587145,21.317789473684208,28.191002525587145,0,65.963
12,64.753,2018-05-06 18:29:57.571590000,A2a4,2018-05-06 18:29:57.506837000,510.0,0 days 00:00:00.325080000,2018-05-06 18:29:57.669377000,2018-05-06 18:29:57.332687500,2018-05-06 18:29:57.571590000,64.753,21.317789473684208,28.191002525587145,21.317789473684208,28.191002525587145,0,-66.148
13,-1.395,2018-05-06 18:29:57.830522000,A2a4,2018-05-06 18:29:57.831917000,510.0,0 days 00:00:00.325079000,2018-05-06 18:29:57.994456500,2018-05-06 18:29:57.669377000,2018-05-06 18:29:57.830522000,-1.395,21.317789473684208,28.191002525587145,21.317789473684208,28.191002525587145,0,-3.475
14,-4.87,2018-05-06 18:29:58.152126000,A2a4,2018-05-06 18:29:58.156996000,510.0,0 days 00:00:00.348300000,2018-05-06 18:29:58.331146000,2018-05-06 18:29:57.994456500,2018-05-06 18:29:58.152126000,-4.87,21.317789473684208,28.191002525587145,21.317789473684208,28.191002525587145,0,107.114
15,102.244,2018-05-06 18:29:58.607540000,A2a4,2018-05-06 18:29:58.505296000,510.0,0 days 00:00:00.325079000,2018-05-06 18:29:58.667835500,2018-05-06 18:29:58.331146000,2018-05-06 18:29:58.607540000,102.244,21.317789473684208,28.191002525587145,21.317789473684208,28.191002525587145,0,-105.714
16,-3.47,2018-05-06 18:29:58.826905000,A2a4,2018-05-06 18:29:58.830375000,510.0,0 days 00:00:00.325079000,2018-05-06 18:29:58.992914500,2018-05-06 18:29:58.667835500,2018-05-06 18:29:58.826905000,-3.47,21.317789473684208,28.191002525587145,21.317789473684208,28.191002525587145,0,4.8260000000000005
17,1.356,2018-05-06 18:29:59.156810000,A2a4,2018-05-06 18:29:59.155454000,510.0,0 days 00:00:00.348300000,2018-05-06 18:29:59.329604000,2018-05-06 18:29:58.992914500,2018-05-06 18:29:59.156810000,1.356,21.317789473684208,28.191002525587145,21.317789473684208,28.191002525587145,0,22.538999999999998
18,23.895,2018-05-06 18:29:59.527649000,A2a4,2018-05-06 18:29:59.503754000,510.0,0 days 00:00:00.325079000,2018-05-06 18:29:59.666293500,2018-05-06 18:29:59.329604000,2018-05-06 18:29:59.527649000,23.895,21.317789473684208,28.191002525587145,21.317789473684208,28.191002525587145,0,19.98
19,43.875,2018-05-06 18:29:59.872708000,A2a4,2018-05-06 18:29:59.828833000,510.0,0 days 00:00:00.325079000,2018-05-06 18:29:59.991372500,2018-05-06 18:29:59.666293500,2018-05-06 18:29:59.872708000,43.875,21.317789473684208,28.191002525587145,21.317789473684208,28.191002525587145,0,
