,Asynchrony,Tap Onset,Test,True Onset,User ID,IOI,Max,Min,Sanitized Tap Onset,Sanitized Asynchrony,Sanitized Mean Asynchrony,Sanitized Std Dev Asynchrony,Mean Asynchrony,Std Dev Asynchrony,Missed Taps,Phase Correction Response
1,607.929,2018-06-14 10:46:46.464724000,A1b2,2018-06-14 10:46:45.856795000,506,0 days 00:00:00.650158000,2018-06-14 10:46:46.181874000,2018-06-14 10:46:45.508495500,2018-06-14 10:46:45.572210000,-284.585,-9.884227272727275,71.53413579871987,668.709590909091,40.893517532220294,0,242.356
2,645.536,2018-06-14 10:46:47.152489000,A1b2,2018-06-14 10:46:46.506953000,506,0 days 00:00:00.673379000,2018-06-14 10:46:46.843642500,2018-06-14 10:46:46.181874000,2018-06-14 10:46:46.464724000,-42.229,-9.884227272727275,71.53413579871987,668.709590909091,40.893517532220294,0,14.386
3,673.514,2018-06-14 10:46:47.853846000,A1b2,2018-06-14 10:46:47.180332000,506,0 days 00:00:00.673379000,2018-06-14 10:46:47.517021500,2018-06-14 10:46:46.843642500,2018-06-14 10:46:47.152489000,-27.843,-9.884227272727275,71.53413579871987,668.709590909091,40.893517532220294,0,27.978
4,680.644,2018-06-14 10:46:48.534355000,A1b2,2018-06-14 10:46:47.853711000,506,0 days 00:00:00.650158000,2018-06-14 10:46:48.178790000,2018-06-14 10:46:47.517021500,2018-06-14 10:46:47.853846000,0.135,-9.884227272727275,71.53413579871987,668.709590909091,40.893517532220294,0,30.351
5,662.755,2018-06-14 10:46:49.166624000,A1b2,2018-06-14 10:46:48.503869000,506,0 days 00:00:00.673379000,2018-06-14 10:46:48.840558500,2018-06-14 10:46:48.178790000,2018-06-14 10:46:48.534355000,30.486,-9.884227272727275,71.53413579871987,668.709590909091,40.893517532220294,0,-41.11
6,684.885,2018-06-14 10:46:49.862133000,A1b2,2018-06-14 10:46:49.177248000,506,0 days 00:00:00.673379000,2018-06-14 10:46:49.513937500,2018-06-14 10:46:48.840558500,2018-06-14 10:46:49.166624000,-10.624,-9.884227272727275,71.53413579871987,668.709590909091,40.893517532220294,0,22.130000000000003
7,663.906,2018-06-14 10:46:50.514533000,A1b2,2018-06-14 10:46:49.850627000,506,0 days 00:00:00.673379000,2018-06-14 10:46:50.187316500,2018-06-14 10:46:49.513937500,2018-06-14 10:46:49.862133000,11.506,-9.884227272727275,71.53413579871987,668.709590909091,40.893517532220294,0,-20.979
8,647.537,2018-06-14 10:46:51.171543000,A1b2,2018-06-14 10:46:50.524006000,506,0 days 00:00:00.650158000,2018-06-14 10:46:50.849085000,2018-06-14 10:46:50.187316500,2018-06-14 10:46:50.514533000,-9.473,-9.884227272727275,71.53413579871987,668.709590909091,40.893517532220294,0,6.852
9,783.43,2018-06-14 10:46:51.957594000,A1b2,2018-06-14 10:46:51.174164000,506,0 days 00:00:00.673379000,2018-06-14 10:46:51.510853500,2018-06-14 10:46:50.849085000,2018-06-14 10:46:51.171543000,-2.621,-9.884227272727275,71.53413579871987,668.709590909091,40.893517532220294,0,112.672
10,628.401,2018-06-14 10:46:52.475944000,A1b2,2018-06-14 10:46:51.847543000,506,0 days 00:00:00.673379000,2018-06-14 10:46:52.184232500,2018-06-14 10:46:51.510853500,2018-06-14 10:46:51.957594000,110.051,-9.884227272727275,71.53413579871987,668.709590909091,40.893517532220294,0,-155.029
11,660.049,2018-06-14 10:46:53.180971000,A1b2,2018-06-14 10:46:52.520922000,506,0 days 00:00:00.650158000,2018-06-14 10:46:52.846001000,2018-06-14 10:46:52.184232500,2018-06-14 10:46:52.475944000,-44.978,-9.884227272727275,71.53413579871987,668.709590909091,40.893517532220294,0,54.869
12,670.625,2018-06-14 10:46:53.841705000,A1b2,2018-06-14 10:46:53.171080000,506,0 days 00:00:00.673379000,2018-06-14 10:46:53.507769500,2018-06-14 10:46:52.846001000,2018-06-14 10:46:53.180971000,9.891,-9.884227272727275,71.53413579871987,668.709590909091,40.893517532220294,0,-12.645
13,703.044,2018-06-14 10:46:54.547503000,A1b2,2018-06-14 10:46:53.844459000,506,0 days 00:00:00.673379000,2018-06-14 10:46:54.181148500,2018-06-14 10:46:53.507769500,2018-06-14 10:46:53.841705000,-2.754,-9.884227272727275,71.53413579871987,668.709590909091,40.893517532220294,0,32.419
14,691.438,2018-06-14 10:46:55.209276000,A1b2,2018-06-14 10:46:54.517838000,506,0 days 00:00:00.673378000,2018-06-14 10:46:54.854527000,2018-06-14 10:46:54.181148500,2018-06-14 10:46:54.547503000,29.665,-9.884227272727275,71.53413579871987,668.709590909091,40.893517532220294,0,-11.605
15,671.682,2018-06-14 10:46:55.862898000,A1b2,2018-06-14 10:46:55.191216000,506,0 days 00:00:00.650159000,2018-06-14 10:46:55.516295500,2018-06-14 10:46:54.854527000,2018-06-14 10:46:55.209276000,18.06,-9.884227272727275,71.53413579871987,668.709590909091,40.893517532220294,0,3.463000000000001
16,699.688,2018-06-14 10:46:56.541063000,A1b2,2018-06-14 10:46:55.841375000,506,0 days 00:00:00.673379000,2018-06-14 10:46:56.178064500,2018-06-14 10:46:55.516295500,2018-06-14 10:46:55.862898000,21.523,-9.884227272727275,71.53413579871987,668.709590909091,40.893517532220294,0,4.786000000000001
17,682.069,2018-06-14 10:46:57.196823000,A1b2,2018-06-14 10:46:56.514754000,506,0 days 00:00:00.673379000,2018-06-14 10:46:56.851443500,2018-06-14 10:46:56.178064500,2018-06-14 10:46:56.541063000,26.309,-9.884227272727275,71.53413579871987,668.709590909091,40.893517532220294,0,-17.619
18,572.611,2018-06-14 10:46:57.760744000,A1b2,2018-06-14 10:46:57.188133000,506,0 days 00:00:00.650158000,2018-06-14 10:46:57.513212000,2018-06-14 10:46:56.851443500,2018-06-14 10:46:57.196823000,8.69,-9.884227272727275,71.53413579871987,668.709590909091,40.893517532220294,0,-86.237
19,646.214,2018-06-14 10:46:58.484505000,A1b2,2018-06-14 10:46:57.838291000,506,0 days 00:00:00.673379000,2018-06-14 10:46:58.174980500,2018-06-14 10:46:57.513212000,2018-06-14 10:46:57.760744000,-77.547,-9.884227272727275,71.53413579871987,668.709590909091,40.893517532220294,0,50.382
20,708.696,2018-06-14 10:46:59.220366000,A1b2,2018-06-14 10:46:58.511670000,506,0 days 00:00:00.673379000,2018-06-14 10:46:58.848359500,2018-06-14 10:46:58.174980500,2018-06-14 10:46:58.484505000,-27.165,-9.884227272727275,71.53413579871987,668.709590909091,40.893517532220294,0,62.482
21,684.111,2018-06-14 10:46:59.869160000,A1b2,2018-06-14 10:46:59.185049000,506,0 days 00:00:00.673378000,2018-06-14 10:46:59.521738000,2018-06-14 10:46:58.848359500,2018-06-14 10:46:59.220366000,35.317,-9.884227272727275,71.53413579871987,668.709590909091,40.893517532220294,0,-24.584
22,642.847,2018-06-14 10:47:00.501274000,A1b2,2018-06-14 10:46:59.858427000,506,0 days 00:00:00.650159000,2018-06-14 10:47:00.183506500,2018-06-14 10:46:59.521738000,2018-06-14 10:46:59.869160000,10.733,-9.884227272727275,71.53413579871987,668.709590909091,40.893517532220294,0,
