,Asynchrony,Tap Onset,Test,True Onset,User ID,IOI,Max,Min,Sanitized Tap Onset,Sanitized Asynchrony,Sanitized Mean Asynchrony,Sanitized Std Dev Asynchrony,Mean Asynchrony,Std Dev Asynchrony,Missed Taps,Phase Correction Response
1,-21.568,2018-06-14 10:41:53.570115000,P8A2a1,2018-06-14 10:41:53.591683000,506,0 days 00:00:01.323537000,2018-06-14 10:41:54.253451500,2018-06-14 10:41:52.918304000,2018-06-14 10:41:53.570115000,-21.568,-25.707526315789476,55.372353871432615,-25.707526315789476,55.372353871432615,0,-64.33
2,-85.898,2018-06-14 10:41:54.829322000,P8A2a1,2018-06-14 10:41:54.915220000,506,0 days 00:00:01.323538000,2018-06-14 10:41:55.576989000,2018-06-14 10:41:54.253451500,2018-06-14 10:41:54.829322000,-85.898,-25.707526315789476,55.372353871432615,-25.707526315789476,55.372353871432615,0,49.87499999999999
3,-36.023,2018-06-14 10:41:56.202735000,P8A2a1,2018-06-14 10:41:56.238758000,506,0 days 00:00:01.346757000,2018-06-14 10:41:56.912136500,2018-06-14 10:41:55.576989000,2018-06-14 10:41:56.202735000,-36.023,-25.707526315789476,55.372353871432615,-25.707526315789476,55.372353871432615,0,136.605
4,100.582,2018-06-14 10:41:57.686097000,P8A2a1,2018-06-14 10:41:57.585515000,506,0 days 00:00:01.323537000,2018-06-14 10:41:58.247283500,2018-06-14 10:41:56.912136500,2018-06-14 10:41:57.686097000,100.582,-25.707526315789476,55.372353871432615,-25.707526315789476,55.372353871432615,0,-92.392
5,8.19,2018-06-14 10:41:58.917242000,P8A2a1,2018-06-14 10:41:58.909052000,506,0 days 00:00:01.346758000,2018-06-14 10:41:59.582431000,2018-06-14 10:41:58.247283500,2018-06-14 10:41:58.917242000,8.19,-25.707526315789476,55.372353871432615,-25.707526315789476,55.372353871432615,0,-38.745
6,-30.555,2018-06-14 10:42:00.225255000,P8A2a1,2018-06-14 10:42:00.255810000,506,0 days 00:00:01.323537000,2018-06-14 10:42:00.917578500,2018-06-14 10:41:59.582431000,2018-06-14 10:42:00.225255000,-30.555,-25.707526315789476,55.372353871432615,-25.707526315789476,55.372353871432615,0,-86.99700000000001
7,-117.552,2018-06-14 10:42:01.461795000,P8A2a1,2018-06-14 10:42:01.579347000,506,0 days 00:00:01.346758000,2018-06-14 10:42:02.252726000,2018-06-14 10:42:00.917578500,2018-06-14 10:42:01.461795000,-117.552,-25.707526315789476,55.372353871432615,-25.707526315789476,55.372353871432615,0,36.70100000000001
8,-80.851,2018-06-14 10:42:02.845254000,P8A2a1,2018-06-14 10:42:02.926105000,506,0 days 00:00:01.323537000,2018-06-14 10:42:03.587873500,2018-06-14 10:42:02.252726000,2018-06-14 10:42:02.845254000,-80.851,-25.707526315789476,55.372353871432615,-25.707526315789476,55.372353871432615,0,41.388
9,-39.463,2018-06-14 10:42:04.210179000,P8A2a1,2018-06-14 10:42:04.249642000,506,0 days 00:00:01.323537000,2018-06-14 10:42:04.911410500,2018-06-14 10:42:03.587873500,2018-06-14 10:42:04.210179000,-39.463,-25.707526315789476,55.372353871432615,-25.707526315789476,55.372353871432615,0,55.217
10,15.754,2018-06-14 10:42:05.588933000,P8A2a1,2018-06-14 10:42:05.573179000,506,0 days 00:00:01.346758000,2018-06-14 10:42:06.246558000,2018-06-14 10:42:04.911410500,2018-06-14 10:42:05.588933000,15.754,-25.707526315789476,55.372353871432615,-25.707526315789476,55.372353871432615,0,-92.777
11,-77.023,2018-06-14 10:42:06.842914000,P8A2a1,2018-06-14 10:42:06.919937000,506,0 days 00:00:01.323537000,2018-06-14 10:42:07.581705500,2018-06-14 10:42:06.246558000,2018-06-14 10:42:06.842914000,-77.023,-25.707526315789476,55.372353871432615,-25.707526315789476,55.372353871432615,0,96.228
12,19.205,2018-06-14 10:42:08.262679000,P8A2a1,2018-06-14 10:42:08.243474000,506,0 days 00:00:01.346757000,2018-06-14 10:42:08.916852500,2018-06-14 10:42:07.581705500,2018-06-14 10:42:08.262679000,19.205,-25.707526315789476,55.372353871432615,-25.707526315789476,55.372353871432615,0,-75.862
13,-56.657,2018-06-14 10:42:09.533574000,P8A2a1,2018-06-14 10:42:09.590231000,506,0 days 00:00:01.323538000,2018-06-14 10:42:10.252000000,2018-06-14 10:42:08.916852500,2018-06-14 10:42:09.533574000,-56.657,-25.707526315789476,55.372353871432615,-25.707526315789476,55.372353871432615,0,99.068
14,42.411,2018-06-14 10:42:10.956180000,P8A2a1,2018-06-14 10:42:10.913769000,506,0 days 00:00:01.346757000,2018-06-14 10:42:11.587147500,2018-06-14 10:42:10.252000000,2018-06-14 10:42:10.956180000,42.411,-25.707526315789476,55.372353871432615,-25.707526315789476,55.372353871432615,0,-55.296
15,-12.885,2018-06-14 10:42:12.247641000,P8A2a1,2018-06-14 10:42:12.260526000,506,0 days 00:00:01.323538000,2018-06-14 10:42:12.922295000,2018-06-14 10:42:11.587147500,2018-06-14 10:42:12.247641000,-12.885,-25.707526315789476,55.372353871432615,-25.707526315789476,55.372353871432615,0,-93.57
16,-106.455,2018-06-14 10:42:13.477609000,P8A2a1,2018-06-14 10:42:13.584064000,506,0 days 00:00:01.323537000,2018-06-14 10:42:14.245832500,2018-06-14 10:42:12.922295000,2018-06-14 10:42:13.477609000,-106.455,-25.707526315789476,55.372353871432615,-25.707526315789476,55.372353871432615,0,73.705
17,-32.75,2018-06-14 10:42:14.874851000,P8A2a1,2018-06-14 10:42:14.907601000,506,0 days 00:00:01.346757000,2018-06-14 10:42:15.580979500,2018-06-14 10:42:14.245832500,2018-06-14 10:42:14.874851000,-32.75,-25.707526315789476,55.372353871432615,-25.707526315789476,55.372353871432615,0,20.02
18,-12.73,2018-06-14 10:42:16.241628000,P8A2a1,2018-06-14 10:42:16.254358000,506,0 days 00:00:01.323538000,2018-06-14 10:42:16.916127000,2018-06-14 10:42:15.580979500,2018-06-14 10:42:16.241628000,-12.73,-25.707526315789476,55.372353871432615,-25.707526315789476,55.372353871432615,0,48.55500000000001
19,35.825,2018-06-14 10:42:17.613721000,P8A2a1,2018-06-14 10:42:17.577896000,506,0 days 00:00:01.346757000,2018-06-14 10:42:18.251274500,2018-06-14 10:42:16.916127000,2018-06-14 10:42:17.613721000,35.825,-25.707526315789476,55.372353871432615,-25.707526315789476,55.372353871432615,0,
