,Asynchrony,Tap Onset,Test,True Onset,User ID,IOI,Max,Min,Sanitized Tap Onset,Sanitized Asynchrony,Sanitized Mean Asynchrony,Sanitized Std Dev Asynchrony,Mean Asynchrony,Std Dev Asynchrony,Missed Taps,Phase Correction Response
1,-1.49,2018-06-14 10:04:59.857710000,A2b1,2018-06-14 10:04:59.859200000,824,0 days 00:00:01.323537000,2018-06-14 10:05:00.520968500,2018-06-14 10:04:59.185821000,2018-06-14 10:04:59.857710000,-1.49,3.3444210526315756,83.80169543386721,3.3444210526315756,83.80169543386721,0,-137.268
2,-138.758,2018-06-14 10:05:01.043979000,A2b1,2018-06-14 10:05:01.182737000,824,0 days 00:00:01.346758000,2018-06-14 10:05:01.856116000,2018-06-14 10:05:00.520968500,2018-06-14 10:05:01.043979000,-138.758,3.3444210526315756,83.80169543386721,3.3444210526315756,83.80169543386721,0,54.501000000000005
3,-84.257,2018-06-14 10:05:02.445238000,A2b1,2018-06-14 10:05:02.529495000,824,0 days 00:00:01.323537000,2018-06-14 10:05:03.191263500,2018-06-14 10:05:01.856116000,2018-06-14 10:05:02.445238000,-84.257,3.3444210526315756,83.80169543386721,3.3444210526315756,83.80169543386721,0,54.384
4,-29.873,2018-06-14 10:05:03.823159000,A2b1,2018-06-14 10:05:03.853032000,824,0 days 00:00:01.323537000,2018-06-14 10:05:04.514800500,2018-06-14 10:05:03.191263500,2018-06-14 10:05:03.823159000,-29.873,3.3444210526315756,83.80169543386721,3.3444210526315756,83.80169543386721,0,-6.849999999999998
5,-36.723,2018-06-14 10:05:05.139846000,A2b1,2018-06-14 10:05:05.176569000,824,0 days 00:00:01.346758000,2018-06-14 10:05:05.849948000,2018-06-14 10:05:04.514800500,2018-06-14 10:05:05.139846000,-36.723,3.3444210526315756,83.80169543386721,3.3444210526315756,83.80169543386721,0,92.553
6,55.83,2018-06-14 10:05:06.579157000,A2b1,2018-06-14 10:05:06.523327000,824,0 days 00:00:01.323537000,2018-06-14 10:05:07.185095500,2018-06-14 10:05:05.849948000,2018-06-14 10:05:06.579157000,55.83,3.3444210526315756,83.80169543386721,3.3444210526315756,83.80169543386721,0,-60.174
7,-4.344,2018-06-14 10:05:07.842520000,A2b1,2018-06-14 10:05:07.846864000,824,0 days 00:00:01.346758000,2018-06-14 10:05:08.520243000,2018-06-14 10:05:07.185095500,2018-06-14 10:05:07.842520000,-4.344,3.3444210526315756,83.80169543386721,3.3444210526315756,83.80169543386721,0,-20.352
8,-24.696,2018-06-14 10:05:09.168926000,A2b1,2018-06-14 10:05:09.193622000,824,0 days 00:00:01.323537000,2018-06-14 10:05:09.855390500,2018-06-14 10:05:08.520243000,2018-06-14 10:05:09.168926000,-24.696,3.3444210526315756,83.80169543386721,3.3444210526315756,83.80169543386721,0,68.761
9,44.065,2018-06-14 10:05:10.561224000,A2b1,2018-06-14 10:05:10.517159000,824,0 days 00:00:01.346757000,2018-06-14 10:05:11.190537500,2018-06-14 10:05:09.855390500,2018-06-14 10:05:10.561224000,44.065,3.3444210526315756,83.80169543386721,3.3444210526315756,83.80169543386721,0,-25.618
10,18.447,2018-06-14 10:05:11.882363000,A2b1,2018-06-14 10:05:11.863916000,824,0 days 00:00:01.323538000,2018-06-14 10:05:12.525685000,2018-06-14 10:05:11.190537500,2018-06-14 10:05:11.882363000,18.447,3.3444210526315756,83.80169543386721,3.3444210526315756,83.80169543386721,0,272.417
11,290.864,2018-06-14 10:05:13.478318000,A2b1,2018-06-14 10:05:13.187454000,824,0 days 00:00:01.323537000,2018-06-14 10:05:13.849222500,2018-06-14 10:05:12.525685000,2018-06-14 10:05:13.478318000,290.864,3.3444210526315756,83.80169543386721,3.3444210526315756,83.80169543386721,0,-346.763
12,-55.899,2018-06-14 10:05:14.455092000,A2b1,2018-06-14 10:05:14.510991000,824,0 days 00:00:01.346757000,2018-06-14 10:05:15.184369500,2018-06-14 10:05:13.849222500,2018-06-14 10:05:14.455092000,-55.899,3.3444210526315756,83.80169543386721,3.3444210526315756,83.80169543386721,0,86.265
13,30.366,2018-06-14 10:05:15.888114000,A2b1,2018-06-14 10:05:15.857748000,824,0 days 00:00:01.323538000,2018-06-14 10:05:16.519517000,2018-06-14 10:05:15.184369500,2018-06-14 10:05:15.888114000,30.366,3.3444210526315756,83.80169543386721,3.3444210526315756,83.80169543386721,0,2.439
14,32.805,2018-06-14 10:05:17.214091000,A2b1,2018-06-14 10:05:17.181286000,824,0 days 00:00:01.346757000,2018-06-14 10:05:17.854664500,2018-06-14 10:05:16.519517000,2018-06-14 10:05:17.214091000,32.805,3.3444210526315756,83.80169543386721,3.3444210526315756,83.80169543386721,0,-44.999
15,-12.194,2018-06-14 10:05:18.515849000,A2b1,2018-06-14 10:05:18.528043000,824,0 days 00:00:01.323538000,2018-06-14 10:05:19.189812000,2018-06-14 10:05:17.854664500,2018-06-14 10:05:18.515849000,-12.194,3.3444210526315756,83.80169543386721,3.3444210526315756,83.80169543386721,0,23.586
16,11.392,2018-06-14 10:05:19.862973000,A2b1,2018-06-14 10:05:19.851581000,824,0 days 00:00:01.323537000,2018-06-14 10:05:20.513349500,2018-06-14 10:05:19.189812000,2018-06-14 10:05:19.862973000,11.392,3.3444210526315756,83.80169543386721,3.3444210526315756,83.80169543386721,0,-47.17699999999999
17,-35.785,2018-06-14 10:05:21.139333000,A2b1,2018-06-14 10:05:21.175118000,824,0 days 00:00:01.346757000,2018-06-14 10:05:21.848496500,2018-06-14 10:05:20.513349500,2018-06-14 10:05:21.139333000,-35.785,3.3444210526315756,83.80169543386721,3.3444210526315756,83.80169543386721,0,18.886999999999997
18,-16.898,2018-06-14 10:05:22.504977000,A2b1,2018-06-14 10:05:22.521875000,824,0 days 00:00:01.323538000,2018-06-14 10:05:23.183644000,2018-06-14 10:05:21.848496500,2018-06-14 10:05:22.504977000,-16.898,3.3444210526315756,83.80169543386721,3.3444210526315756,83.80169543386721,0,37.59
19,20.692,2018-06-14 10:05:23.866105000,A2b1,2018-06-14 10:05:23.845413000,824,0 days 00:00:01.346757000,2018-06-14 10:05:24.518791500,2018-06-14 10:05:23.183644000,2018-06-14 10:05:23.866105000,20.692,3.3444210526315756,83.80169543386721,3.3444210526315756,83.80169543386721,0,
