,Asynchrony,Tap Onset,Test,True Onset,User ID,IOI,Max,Min,Sanitized Tap Onset,Sanitized Asynchrony,Sanitized Mean Asynchrony,Sanitized Std Dev Asynchrony,Mean Asynchrony,Std Dev Asynchrony,Missed Taps,Phase Correction Response
1,500.281,2018-05-31 23:22:11.202794000,A1b4,2018-05-31 23:22:10.702513000,412,0 days 00:00:00.348300000,2018-05-31 23:22:10.876663000,2018-05-31 23:22:10.528363500,2018-05-31 23:22:10.685629000,-16.884,14.455954545454546,42.36728760042213,349.381,42.82530100747633,0,168.865
2,399.271,2018-05-31 23:22:11.450084000,A1b4,2018-05-31 23:22:11.050813000,412,0 days 00:00:00.325079000,2018-05-31 23:22:11.213352500,2018-05-31 23:22:10.876663000,2018-05-31 23:22:11.202794000,151.981,14.455954545454546,42.36728760042213,349.381,42.82530100747633,0,-77.789
3,360.787,2018-05-31 23:22:11.736679000,A1b4,2018-05-31 23:22:11.375892000,412,0 days 00:00:00.325079000,2018-05-31 23:22:11.538431500,2018-05-31 23:22:11.213352500,2018-05-31 23:22:11.450084000,74.192,14.455954545454546,42.36728760042213,349.381,42.82530100747633,0,-38.483999999999995
4,293.492,2018-05-31 23:22:11.994463000,A1b4,2018-05-31 23:22:11.700971000,412,0 days 00:00:00.348300000,2018-05-31 23:22:11.875121000,2018-05-31 23:22:11.538431500,2018-05-31 23:22:11.736679000,35.708,14.455954545454546,42.36728760042213,349.381,42.82530100747633,0,-90.51599999999999
5,330.235,2018-05-31 23:22:12.379506000,A1b4,2018-05-31 23:22:12.049271000,412,0 days 00:00:00.325079000,2018-05-31 23:22:12.211810500,2018-05-31 23:22:11.875121000,2018-05-31 23:22:11.994463000,-54.808,14.455954545454546,42.36728760042213,349.381,42.82530100747633,0,59.964
6,308.084,2018-05-31 23:22:12.682434000,A1b4,2018-05-31 23:22:12.374350000,412,0 days 00:00:00.325079000,2018-05-31 23:22:12.536889500,2018-05-31 23:22:12.211810500,2018-05-31 23:22:12.379506000,5.156,14.455954545454546,42.36728760042213,349.381,42.82530100747633,0,-22.151
7,339.186,2018-05-31 23:22:13.038615000,A1b4,2018-05-31 23:22:12.699429000,412,0 days 00:00:00.348300000,2018-05-31 23:22:12.873579000,2018-05-31 23:22:12.536889500,2018-05-31 23:22:12.682434000,-16.995,14.455954545454546,42.36728760042213,349.381,42.82530100747633,0,7.881
8,322.581,2018-05-31 23:22:13.370310000,A1b4,2018-05-31 23:22:13.047729000,412,0 days 00:00:00.325079000,2018-05-31 23:22:13.210268500,2018-05-31 23:22:12.873579000,2018-05-31 23:22:13.038615000,-9.114,14.455954545454546,42.36728760042213,349.381,42.82530100747633,0,6.6160000000000005
9,325.357,2018-05-31 23:22:13.698165000,A1b4,2018-05-31 23:22:13.372808000,412,0 days 00:00:00.348299000,2018-05-31 23:22:13.546957500,2018-05-31 23:22:13.210268500,2018-05-31 23:22:13.370310000,-2.498,14.455954545454546,42.36728760042213,349.381,42.82530100747633,0,-20.444
10,362.274,2018-05-31 23:22:14.083381000,A1b4,2018-05-31 23:22:13.721107000,412,0 days 00:00:00.325080000,2018-05-31 23:22:13.883647000,2018-05-31 23:22:13.546957500,2018-05-31 23:22:13.698165000,-22.942,14.455954545454546,42.36728760042213,349.381,42.82530100747633,0,60.136
11,344.339,2018-05-31 23:22:14.390526000,A1b4,2018-05-31 23:22:14.046187000,412,0 days 00:00:00.325079000,2018-05-31 23:22:14.208726500,2018-05-31 23:22:13.883647000,2018-05-31 23:22:14.083381000,37.194,14.455954545454546,42.36728760042213,349.381,42.82530100747633,0,-17.934
12,367.579,2018-05-31 23:22:14.738845000,A1b4,2018-05-31 23:22:14.371266000,412,0 days 00:00:00.348299000,2018-05-31 23:22:14.545415500,2018-05-31 23:22:14.208726500,2018-05-31 23:22:14.390526000,19.26,14.455954545454546,42.36728760042213,349.381,42.82530100747633,0,0.019999999999999574
13,339.069,2018-05-31 23:22:15.058634000,A1b4,2018-05-31 23:22:14.719565000,412,0 days 00:00:00.325080000,2018-05-31 23:22:14.882105000,2018-05-31 23:22:14.545415500,2018-05-31 23:22:14.738845000,19.28,14.455954545454546,42.36728760042213,349.381,42.82530100747633,0,-5.291
14,311.585,2018-05-31 23:22:15.356230000,A1b4,2018-05-31 23:22:15.044645000,412,0 days 00:00:00.325079000,2018-05-31 23:22:15.207184500,2018-05-31 23:22:14.882105000,2018-05-31 23:22:15.058634000,13.989,14.455954545454546,42.36728760042213,349.381,42.82530100747633,0,-27.483
15,359.193,2018-05-31 23:22:15.728917000,A1b4,2018-05-31 23:22:15.369724000,412,0 days 00:00:00.348300000,2018-05-31 23:22:15.543874000,2018-05-31 23:22:15.207184500,2018-05-31 23:22:15.356230000,-13.494,14.455954545454546,42.36728760042213,349.381,42.82530100747633,0,24.387
16,332.726,2018-05-31 23:22:16.050750000,A1b4,2018-05-31 23:22:15.718024000,412,0 days 00:00:00.325079000,2018-05-31 23:22:15.880563500,2018-05-31 23:22:15.543874000,2018-05-31 23:22:15.728917000,10.893,14.455954545454546,42.36728760042213,349.381,42.82530100747633,0,-3.2460000000000004
17,315.464,2018-05-31 23:22:16.358567000,A1b4,2018-05-31 23:22:16.043103000,412,0 days 00:00:00.325079000,2018-05-31 23:22:16.205642500,2018-05-31 23:22:15.880563500,2018-05-31 23:22:16.050750000,7.647,14.455954545454546,42.36728760042213,349.381,42.82530100747633,0,-17.262
18,325.884,2018-05-31 23:22:16.694066000,A1b4,2018-05-31 23:22:16.368182000,412,0 days 00:00:00.348300000,2018-05-31 23:22:16.542332000,2018-05-31 23:22:16.205642500,2018-05-31 23:22:16.358567000,-9.615,14.455954545454546,42.36728760042213,349.381,42.82530100747633,0,-12.801
19,343.973,2018-05-31 23:22:17.060455000,A1b4,2018-05-31 23:22:16.716482000,412,0 days 00:00:00.325079000,2018-05-31 23:22:16.879021500,2018-05-31 23:22:16.542332000,2018-05-31 23:22:16.694066000,-22.416,14.455954545454546,42.36728760042213,349.381,42.82530100747633,0,41.31
20,383.082,2018-05-31 23:22:17.424643000,A1b4,2018-05-31 23:22:17.041561000,412,0 days 00:00:00.325079000,2018-05-31 23:22:17.204100500,2018-05-31 23:22:16.879021500,2018-05-31 23:22:17.060455000,18.894,14.455954545454546,42.36728760042213,349.381,42.82530100747633,0,39.109
21,382.9,2018-05-31 23:22:17.749540000,A1b4,2018-05-31 23:22:17.366640000,412,0 days 00:00:00.348300000,2018-05-31 23:22:17.540790000,2018-05-31 23:22:17.204100500,2018-05-31 23:22:17.424643000,58.003,14.455954545454546,42.36728760042213,349.381,42.82530100747633,0,-23.403
22,339.04,2018-05-31 23:22:18.053980000,A1b4,2018-05-31 23:22:17.714940000,412,0 days 00:00:00.325079000,2018-05-31 23:22:17.877479500,2018-05-31 23:22:17.540790000,2018-05-31 23:22:17.749540000,34.6,14.455954545454546,42.36728760042213,349.381,42.82530100747633,0,
