,Asynchrony,Tap Onset,Test,True Onset,User ID,IOI,Max,Min,Sanitized Tap Onset,Sanitized Asynchrony,Sanitized Mean Asynchrony,Sanitized Std Dev Asynchrony,Mean Asynchrony,Std Dev Asynchrony,Missed Taps,Phase Correction Response
1,-207.417,2018-05-31 23:27:50.638661000,A4b2,2018-05-31 23:27:50.846078000,412.0,0 days 00:00:00.673379000,2018-05-31 23:27:51.182767500,2018-05-31 23:27:50.520999000,2018-05-31 23:27:50.638661000,-207.417,-21.211894736842105,104.56854587775574,-633.9571052631578,168.39796727062114,0,284.623
2,-475.42,2018-05-31 23:27:51.044037000,A4b2,2018-05-31 23:27:51.519457000,412.0,0 days 00:00:00.603719000,2018-05-31 23:27:51.821316500,2018-05-31 23:27:51.182767500,2018-05-31 23:27:51.596663000,77.206,-21.211894736842105,104.56854587775574,-633.9571052631578,168.39796727062114,0,28.569999999999993
3,-526.513,2018-05-31 23:27:51.596663000,A4b2,2018-05-31 23:27:52.123176000,412.0,0 days 00:00:00.603719000,2018-05-31 23:27:52.425035500,2018-05-31 23:27:51.821316500,2018-05-31 23:27:52.228952000,105.776,-21.211894736842105,104.56854587775574,-633.9571052631578,168.39796727062114,0,-142.528
4,-497.943,2018-05-31 23:27:52.228952000,A4b2,2018-05-31 23:27:52.726895000,412.0,0 days 00:00:00.696598000,2018-05-31 23:27:53.075194000,2018-05-31 23:27:52.425035500,2018-05-31 23:27:52.690143000,-36.752,-21.211894736842105,104.56854587775574,-633.9571052631578,168.39796727062114,0,-134.219
5,-733.35,2018-05-31 23:27:52.690143000,A4b2,2018-05-31 23:27:53.423493000,412.0,0 days 00:00:00.766259000,2018-05-31 23:27:53.806622500,2018-05-31 23:27:53.075194000,2018-05-31 23:27:53.252522000,-170.971,-21.211894736842105,104.56854587775574,-633.9571052631578,168.39796727062114,0,45.72
6,-937.23,2018-05-31 23:27:53.252522000,A4b2,2018-05-31 23:27:54.189752000,412.0,0 days 00:00:00.603719000,2018-05-31 23:27:54.491611500,2018-05-31 23:27:53.806622500,2018-05-31 23:27:54.064501000,-125.251,-21.211894736842105,104.56854587775574,-633.9571052631578,168.39796727062114,0,101.182
7,-728.97,2018-05-31 23:27:54.064501000,A4b2,2018-05-31 23:27:54.793471000,412.0,0 days 00:00:00.580499000,2018-05-31 23:27:55.083720500,2018-05-31 23:27:54.491611500,2018-05-31 23:27:54.769402000,-24.069,-21.211894736842105,104.56854587775574,-633.9571052631578,168.39796727062114,0,18.944
8,-604.568,2018-05-31 23:27:54.769402000,A4b2,2018-05-31 23:27:55.373970000,412.0,0 days 00:00:00.580498000,2018-05-31 23:27:55.664219000,2018-05-31 23:27:55.083720500,2018-05-31 23:27:55.368845000,-5.125,-21.211894736842105,104.56854587775574,-633.9571052631578,168.39796727062114,0,-29.808
9,-585.623,2018-05-31 23:27:55.368845000,A4b2,2018-05-31 23:27:55.954468000,412.0,0 days 00:00:00.719819000,2018-05-31 23:27:56.314377500,2018-05-31 23:27:55.664219000,2018-05-31 23:27:55.919535000,-34.933,-21.211894736842105,104.56854587775574,-633.9571052631578,168.39796727062114,0,-101.13500000000002
10,-754.752,2018-05-31 23:27:55.919535000,A4b2,2018-05-31 23:27:56.674287000,412.0,0 days 00:00:00.673379000,2018-05-31 23:27:57.010976500,2018-05-31 23:27:56.314377500,2018-05-31 23:27:56.538219000,-136.068,-21.211894736842105,104.56854587775574,-633.9571052631578,168.39796727062114,0,311.406
11,-809.447,2018-05-31 23:27:56.538219000,A4b2,2018-05-31 23:27:57.347666000,412.0,0 days 00:00:00.603718000,2018-05-31 23:27:57.649525000,2018-05-31 23:27:57.010976500,2018-05-31 23:27:57.523004000,175.338,-21.211894736842105,104.56854587775574,-633.9571052631578,168.39796727062114,0,-38.39599999999999
12,-428.38,2018-05-31 23:27:57.523004000,A4b2,2018-05-31 23:27:57.951384000,412.0,0 days 00:00:00.696599000,2018-05-31 23:27:58.299683500,2018-05-31 23:27:57.649525000,2018-05-31 23:27:58.088326000,136.942,-21.211894736842105,104.56854587775574,-633.9571052631578,168.39796727062114,0,-172.889
13,-559.657,2018-05-31 23:27:58.088326000,A4b2,2018-05-31 23:27:58.647983000,412.0,0 days 00:00:00.789479000,2018-05-31 23:27:59.042722500,2018-05-31 23:27:58.299683500,2018-05-31 23:27:58.612036000,-35.947,-21.211894736842105,104.56854587775574,-633.9571052631578,168.39796727062114,0,-69.37899999999999
14,-825.426,2018-05-31 23:27:58.612036000,A4b2,2018-05-31 23:27:59.437462000,412.0,0 days 00:00:00.603718000,2018-05-31 23:27:59.739321000,2018-05-31 23:27:59.042722500,2018-05-31 23:27:59.332136000,-105.326,-21.211894736842105,104.56854587775574,-633.9571052631578,168.39796727062114,0,157.869
15,-709.044,2018-05-31 23:27:59.332136000,A4b2,2018-05-31 23:28:00.041180000,412.0,0 days 00:00:00.603719000,2018-05-31 23:28:00.343039500,2018-05-31 23:27:59.739321000,2018-05-31 23:28:00.093723000,52.543,-21.211894736842105,104.56854587775574,-633.9571052631578,168.39796727062114,0,-75.234
16,-551.176,2018-05-31 23:28:00.093723000,A4b2,2018-05-31 23:28:00.644899000,412.0,0 days 00:00:00.650159000,2018-05-31 23:28:00.969978500,2018-05-31 23:28:00.343039500,2018-05-31 23:28:00.622208000,-22.691,-21.211894736842105,104.56854587775574,-633.9571052631578,168.39796727062114,0,-68.731
17,-672.85,2018-05-31 23:28:00.622208000,A4b2,2018-05-31 23:28:01.295058000,412.0,0 days 00:00:00.650159000,2018-05-31 23:28:01.620137500,2018-05-31 23:28:00.969978500,2018-05-31 23:28:01.203636000,-91.422,-21.211894736842105,104.56854587775574,-633.9571052631578,168.39796727062114,0,68.96199999999999
18,-741.581,2018-05-31 23:28:01.203636000,A4b2,2018-05-31 23:28:01.945217000,412.0,0 days 00:00:00.673378000,2018-05-31 23:28:02.281906000,2018-05-31 23:28:01.620137500,2018-05-31 23:28:01.922757000,-22.46,-21.211894736842105,104.56854587775574,-633.9571052631578,168.39796727062114,0,90.061
19,-695.838,2018-05-31 23:28:01.922757000,A4b2,2018-05-31 23:28:02.618595000,412.0,0 days 00:00:00.673379000,2018-05-31 23:28:02.955284500,2018-05-31 23:28:02.281906000,2018-05-31 23:28:02.686196000,67.601,-21.211894736842105,104.56854587775574,-633.9571052631578,168.39796727062114,0,
